2385
1413
3423
991
3565
1589
1168
2515
514
3258
2954
1984
2021
8
174
2750
743
1785
4251
1723
3250
3819
2240
2284
1806
4265
2511
499
3404
2390
3848
2518
3756
2368
47
2128
3268
4260
672
3125
1801
3572
4103
518
596
3500
3239
2832
2532
4110
3220
1227
662
1054
4278
2999
975
2888
1918
1307
1689
3966
4165
4207
1052
2724
2784
2002
1103
762
502
3422
3462
1692
4214
2952
2791
2448
3116
1323
3773
2680
2892
4262
4323
2823
2280
3889
2242
866
122
4091
1948
3154
1707
3939
3637
724
3421
1221
1789
1276
2463
3199
1225
3314
361
1633
13
3495
2707
3720
697
429
4252
4143
1978
3379
3435
290
1124
3261
4200
3522
960
3088
2564
1445
2874
1770
3686
2613
3294
2825
1782
1031
1405
2519
2004
1463
3600
2838
1666
3878
1944
2862
3412
1226
3657
234
102
3374
2108
2244
3102
2084
1206
158
3018
2777
530
1284
1391
884
835
2001
1593
3310
108
336
738
2592
3385
1329
1334
2013
1811
1803
2375
3441
4037
1998
2587
4132
1722
3123
3286
3983
889
2987
1481
385
619
2943
4311
3893
3765
3476
458
1750
1575
1416
3478
3241
3805
4298
1615
377
470
2067
1494
2337
1373
1277
1961
1160
2277
3193
2159
1175
3880
4294
2217
3638
617
1073
3700
1776
2188
3563
3469
2692
1230
3635
1670
797
3767
3636
685
1849
1852
3396
1417
3147
3045
2140
3019
3182
3885
4225
2477
3629
2100
1762
2216
4008
1060
3931
3748
365
1647
3977
1694
1906
367
1464
2930
192
2162
2473
4264
2144
2427
625
456
452
178
1784
419
343
2072
2773
2557
2963
130
4302
1879
2988
3283
3290
3081
2475
3416
490
1455
50
2413
275
986
3155
2125
1132
2684
129
656
3640
3144
185
654
45
4293
3269
1981
2172
1637
4149
4117
2824
1222
3780
4202
519
2185
2127
3844
4277
1862
1921
1949
3992
1436
2040
2589
2601
1612
641
2627
1727
1355
2091
1314
3839
2327
3503
638
751
1891
84
3524
3429
3755
4210
1361
3253
2907
3852
3399
2171
940
2606
1067
1529
1698
4006
3950
135
1352
2316
965
1260
3467
3407
2295
2285
1758
3302
4267
176
1435
2719
2292
864
3292
1660
3832
512
1034
3795
663
2482
4035
4002
770
2860
2639
31
2701
1332
3428
1451
3998
3171
1304
1087
2657
2308
2205
1903
1118
2110
1283
3493
293
2081
516
3886
3031
451
1093
621
557
2438
2916
2655
3437
3086
4019
4131
2014
1718
212
1650
1346
2262
846
2195
1725
1509
2567
1645
4181
1244
2630
910
3630
1472
1389
1470
3860
1804
2840
1070
890
4092
1467
2386
281
4134
1695
4084
2877
4205
3995
3915
3445
783
3691
2424
719
257
1519
3567
4123
2989
4
3133
3866
3952
3701
529
3049
3761
2516
350
1208
68
2158
3077
2353
416
1220
2633
3593
3622
3215
4032
3456
2257
3093
2469